1
-----
05,04,02
10,01,01
11,23,25
-----
147,142,133,122,059
304,005,004,002,057
330,010,001,001,054
351,011,023,025,026
362,747,806,880,931
-----
06591,06444,06155,05733,05336,05022,02450
13486,00147,00142,00133,00122,00059,02391
14267,00304,00005,00004,00002,00057,02275
15252,00330,00010,00001,00001,00054,02105
16295,00351,00011,00023,00025,00026,01968
17008,00362,00747,00806,00880,00931,00957
17370,35487,37402,39835,42452,45220,47108
-----
000000,000000,000000,000000,000000,279138,266330,130654
006591,006444,006155,005733,005336,005022,002450,128204
013486,000147,000142,000133,000122,000059,002391,123363
014267,000304,000005,000004,000002,000057,002275,116247
015252,000330,000010,000001,000001,000054,002105,109476
016295,000351,000011,000023,000025,000026,001968,103128
017008,000362,000747,000806,000880,000931,000957,098098
017370,035487,037402,039835,042452,045220,047108,048065
-----
279138